province;red;green;blue;x;x
1;0;0;0;Land;x
2;84;6;1;Chalcis;x
3;126;9;129;Eretria;x
4;168;12;8;Andros;x
5;0;15;130;Naxos;x
6;168;45;177;Ionian Islands;x
7;84;21;131;Corfu;x
8;126;24;4;Kydonia;x
9;168;27;132;Knossos;x
10;0;30;5;Karpathos;x
11;42;33;133;Rhodos;x
12;84;36;6;Kos;x
13;126;39;134;Samos;x
14;168;42;7;Chios;x
15;0;45;135;Lesbos;x
16;42;48;8;Lemnos;x
17;84;51;136;Sporades;x
18;126;54;9;Athens;x
19;168;57;137;Thebes;x
20;0;60;10;Delphi;x
21;42;63;138;Corinth;x
22;85;66;11;Argos;x
23;126;69;139;Sparta;x
24;168;72;12;Messene;x
25;0;75;140;Megalopolis;x
26;42;78;13;Olympia;x
27;126;84;14;Patra;x
28;84;81;141;Thermos;x
29;168;87;142;Thesprotia;x
30;0;90;15;Ilium;x
31;42;93;143;Amantia;x
32;84;96;16;Lamia;x
33;126;99;144;Larissa;x
34;168;102;17;Pella;x
35;0;105;145;Chalkidiki;x
36;42;108;18;Amphipolis;x
37;84;111;146;Thasos;x
38;126;114;19;Philippopolis;x
39;168;117;147;Seuthopolis;x
40;79;169;72;Edirne;x
41;42;123;148;Maroneia;x
42;84;126;21;Abdera;x
43;142;47;45;Amantia;x
44;168;132;22;Lysimachia;x
45;0;135;150;Byzantion;x
46;84;3;36;Apollonia;x
47;168;207;162;Odessos;x
48;126;144;24;Histria;x
49;56;49;58;Malis;x
50;58;22;22;Pharsalus;x
51;42;153;153;Arbitus;x
52;84;156;26;Tyras;x
53;126;159;154;Olbia;x
54;168;162;27;Kerkinitis;x
55;0;165;155;Pantikapaion;x
56;42;168;28;Phanagoria;x
57;84;171;156;Tanais;x
58;126;174;29;Stratus;x
59;168;177;157;Lyncestis;x
60;0;180;30;Elimea;x
61;42;183;158;Epidamnos;x
62;25;24;56;Ambracia;x
63;42;30;168;Parthus;x
64;168;192;32;Scodra;x
65;0;195;160;Stobi;x
66;42;198;33;Rhizon;x
67;126;204;34;Paroikopolis;x
68;84;201;161;Dardani;x
69;42;0;163;Delminium;x
70;0;210;35;Iader;x
71;0;72;175;Veneti;x
72;84;141;15;Singidunum;x
73;126;6;164;Ratiara;x
74;168;9;37;Sala;x
75;203;52;216;Orestis;x
76;168;186;167;Abydos;x
77;94;133;184;Pergamon;x
78;168;24;167;Cyzicus;x
79;59;97;77;Smyrna;x
80;59;28;77;Ephesus;x
81;126;21;39;Sardis;x
82;168;115;115;Miletus;x
83;84;18;166;Halicarnassus;x
84;56;56;37;Oichalia;x
85;120;58;58;Xanthos;x
86;42;77;166;Termessos;x
87;148;164;207;Side;x
88;132;153;207;Daskyleion;x
89;21;144;45;Alabanda;x
90;73;134;55;Sagalassos;x
91;56;203;174;Celaenae;x
92;84;94;166;Dorylaeum;x
93;84;33;41;Ipsus;x
94;204;120;68;Gordium;x
95;40;34;146;Pessinus;x
96;90;87;153;Ancyra;x
97;89;30;168;Cius;x
98;149;131;173;Nicaea;x
99;0;27;40;Nicomedia;x
100;194;62;133;Heracleia;x
101;151;34;34;Amastris;x
102;64;126;43;Sinope;x
103;126;36;169;Gangra;x
104;179;133;200;Syedra;x
105;56;129;140;Celenderis;x
106;113;199;211;Tarsus;x
107;14;80;18;Adana;x
108;109;213;109;Iconium;x
109;103;37;144;Lystra;x
110;39;18;67;Amisus;x
111;36;131;99;Polemonion;x
112;29;178;29;Trapezous;x
113;176;178;29;Amaseia;x
114;41;22;53;Tyana;x
115;97;84;22;Cataonia;x
116;128;77;39;Pteria;x
117;101;199;53;Mazaka;x
118;135;198;203;Megalopolis_Cappadocia;x
119;226;157;79;Myriandos;x
120;100;226;79;Antiocheia;x
121;64;143;120;Arados;x
122;78;84;208;Tripolis;x
123;181;33;72;Byblos;x
124;45;21;40;Sidon;x
125;129;63;116;Tyrus;x
126;116;32;54;Apollonia Palestina;x
127;37;100;22;Samaria;x
128;89;184;66;Jericho;x
129;33;150;217;Gaza;x
130;24;56;75;Jerusalem;x
131;117;156;179;Beersheba;x
132;42;42;122;Pelusium;x
133;126;73;193;Rhaithou;x
134;56;115;95;Aelana;x
135;67;177;59;Tanis;x
136;35;84;31;Sebennytos;x
137;48;126;112;Bouto;x
138;66;52;176;Canopus;x
139;24;76;67;Alexandria;x
140;18;31;77;Heliopolis;x
141;72;49;79;Memphis;x
142;113;81;150;Aphroditopolis;x
143;39;56;32;Crocodilopolis;x
144;87;87;110;Clysma;x
145;114;142;102;Oxyrhynchus;x
146;26;26;64;Qubba;x
147;51;112;143;Lykopolis;x
148;182;59;74;Panopolis;x
149;121;38;48;Kaine;x
150;85;31;37;Thebes;x
151;65;91;105;Persou;x
152;131;73;129;Latopolis;x
153;17;91;88;Syene;x
154;88;176;221;Berenike;x
155;78;129;156;Hibis;x
156;109;113;41;Kysis;x
157;46;91;115;Mothis;x
158;41;120;35;Antiphrai;x
159;32;59;42;Paraetonium;x
160;16;25;115;Catabathmus;x
161;78;91;32;Petras Mikros;x
162;64;101;168;Darnis;x
163;193;90;199;Cyrene;x
164;53;41;124;Barke;x
165;12;38;85;Euesperides;x
166;106;20;131;Paphos;x
167;157;68;182;Kition;x
168;65;53;100;Salamis;x
169;72;112;65;Auara;x
170;41;48;112;Petra;x
171;68;80;188;Characmoba;x
172;83;29;103;Madaba;x
173;156;123;168;Gadara;x
174;116;112;199;Bostra;x
175;74;32;90;Damascus;x
176;40;37;96;Palmyra;x
177;133;106;75;Thapsacus;x
178;175;71;71;Zeugma;x
179;137;74;161;Edessa;x
180;65;16;84;Harran;x
181;38;142;176;Amida;x
182;35;132;42;Nisibin;x
183;23;40;46;Resaina;x
184;64;131;154;Terqa;x
185;31;153;196;Anatho;x
186;30;90;55;Pinaka;x
187;73;119;93;Ashur;x
188;43;154;90;Takrit;x
189;88;190;131;Arrapha;x
190;82;100;43;Arbela;x
191;52;124;82;Nineveh;x
192;48;109;131;Maskin;x
193;113;160;177;Sippar;x
194;15;31;93;Opis;x
195;40;176;224;Babylon;x
196;39;11;50;Marad;x
197;88;28;110;Nippur;x
198;167;178;77;Uruk;x
199;168;185;20;Ur;x
200;88;97;17;Charax;x
201;177;137;91;Samosata;x
202;125;85;39;Adatha;x
203;90;135;41;Melitene;x
204;23;139;102;Gundusa;x
205;123;30;30;Chorsabia;x
206;92;18;18;Sinoria;x
207;14;96;33;Ani Kamah;x
208;30;159;60;Arsamosata;x
209;171;16;16;Karkathiokerta;x
210;159;88;88;Tigranocerta;x
211;74;96;178;Zoaranda;x
212;112;24;157;Thospia;x
213;40;63;148;Calata;x
214;164;199;58;Karin;x
215;73;90;20;Ashtishat;x
216;170;157;72;Eruandakert;x
217;102;32;101;Palacata;x
218;102;92;24;Armavir;x
219;44;61;8;Shalat;x
220;17;103;80;Amaras;x
221;18;72;11;Harmozike;x
222;96;16;95;Sarapanis;x
223;64;185;48;Mtskheta;x
224;60;73;24;Sanua;x
225;21;101;45;Apsaros;x
226;10;71;28;Phasis;x
227;33;141;97;Kotais;x
228;73;196;163;Dioscurias;x
229;90;186;160;Chabala;x
230;152;21;80;Sanina;x
231;23;58;71;Spandaran;x
232;23;91;116;Aharawan;x
233;25;196;150;Ardabil;x
234;48;13;146;Praaspa;x
235;90;81;115;Adar Gushnasp;
236;103;130;21;Gaznik;x
237;8;93;70;Morunda;x
238;6;38;50;Daskara;x
239;24;136;69;Hulwan;x
240;0;18;151;Ecbatana;x
241;78;125;189;Aganzana;x
242;98;26;139;Saveh;x
243;149;29;29;Rhagai;x
244;13;104;47;Hecatombylos;x
245;60;92;251;Zadracarta;x
246;9;21;85;Asaak;x
247;67;11;11;Madhar;x
248;176;59;59;Soloke;x
249;204;113;113;Susa;x
250;57;119;142;Nemavand;x
251;40;54;188;Bushahr;x
252;60;251;245;Cyropolis;x
253;15;104;68;Pasargadae;x
254;6;97;131;Aspadana;x
255;99;164;188;Harmozeia;x
256;20;133;134;Taruana;x
257;41;135;77;Carmana;x
258;75;189;190;Bam;x
259;56;145;213;Tabus;x 
260;73;172;110;Choarene;x
261;15;91;83;Susia;x
262;24;91;143;Pura;x
263;132;32;32;Chodda;x
264;16;65;103;Calame;x
265;11;87;88;Soxetra;x
266;19;38;88;Nisaea;x
267;255;84;198;Albanopolis;x
268;104;38;35;Uscana;x
269;107;68;83;Neapolis;x
270;107;98;40;Scaptobara;x
271;71;91;141;Alexandria Bactria;x
272;181;126;156;Bactra;x
273;118;56;90;Drapsaka;x
274;154;10;171;Marakanda;x
275;168;40;110;Tarmita;x
276;136;202;223;Alexandria Eschate;x
277;121;178;126;Massaka;x
278;65;181;76;Kophen;x
279;47;90;106;Bandobene;x
280;155;23;94;Tazora;x
281;48;45;85;Pharsaga;x
282;43;69;201;Artoata;x
283;68;46;113;Sogdorum Regia;x
284;96;39;39;Gynaikon Limen;x
285;34;43;154;Automula;x
286;67;151;179;Patala;x
287;224;35;218;Naagramma;x
288;67;47;114;Mallorum;x
289;131;24;52;Asibipura;x
290;86;24;40;Boukephala;x
291;239;94;234;Attock;x
292;43;178;65;Taxila;x
293;84;74;107;Bylazora;x
294;113;114;124;Ainos;x
295;74;133;168;Bizye;x
296;165;38;70;Bergoule;x
297;110;160;211;Mesembria;x
298;209;87;85;Bourdepa;x
299;185;80;206;Pistoros;x
300;102;169;99;Lilybaeum;x
301;194;110;140;Elymians;x
302;135;51;214;Selinus;x
303;194;133;31;Himera;x
304;194;31;31;Gela;x
305;92;31;31;Syracuse;x
306;92;145;84;Sicels;x
307;107;143;173;Messana;x
308;70;99;65;Rhegium;x
309;48;120;133;Terina;x
310;133;114;48;Croton;x
311;48;56;133;Sybaris;x
312;133;48;126;Heracleia;x
313;145;34;34;Elea;x
314;183;187;84;Metapontum;x
315;35;187;117;Salapia;x
316;64;73;140;Arpi;x
317;194;5;22;Tarentum;x
318;221;76;90;Brundisium;x
319;132;135;54;Irna;x
320;116;111;192;Neapolis;x
321;172;169;217;Capua;x
322;188;146;193;Terracina;x
323;136;114;148;Antium;x
324;56;20;76;Roma;x
325;206;71;222;Venusia;x
326;102;69;106;Beneventum;x
327;73;18;112;Bovianum;x
328;115;43;124;Sulmo;x
329;148;54;213;Asculum;x
330;141;59;59;Ancona;x
331;117;47;22;Amiternum;x
332;184;32;32;Spoletium;x
333;232;127;127;Iguvium;x
334;217;42;42;Sarsina;x
335;55;92;96;Veii;x
336;38;185;202;Tarquinii;x
337;125;213;223;Arretium;x
338;110;130;170;Vetulonia;x
339;13;47;114;Pisae;x
340;113;148;123;Luna;x
341;18;76;35;Albingaunum;x
342;116;205;143;Vardagate;x
343;56;129;54;Taurasia;x
344;97;117;63;Vercellae;x
345;122;165;49;Mediolanum;x
346;76;114;12;Brixia;x
347;32;91;43;Verona;x
348;19;155;45;Patavium;x
349;95;207;116;Altinum;x
350;164;95;207;Aleria;x
351;98;30;141;Palla;x
352;65;71;159;Olbia Sardinia;x
353;4;17;195;Tharros;x
354;27;39;197;Caralis;x
355;21;37;71;Placentia;x
356;55;147;177;Parma;x
357;123;165;179;Bononia;x
358;42;119;144;Ravenna;x
359;93;75;41;Utica;x
360;192;133;22;Carthage;x
361;213;182;124;Thapsus;x
362;124;213;200;Thaenae;x
363;92;169;143;Thala;x
364;228;204;158;Thizika;x
365;46;142;93;Thabraca;x
366;63;222;141;Hippo;x
367;24;102;62;Igilgili;x
368;20;55;37;Rusazus;x
369;92;22;163;Tubusuctu;x
370;95;78;112;Satafis;x
371;110;45;176;Cirta;x
372;158;76;76;Thagaste;x
373;186;42;203;Zabi;x
374;139;69;147;Thubunae;x
375;152;114;191;Thabudeos;x
376;116;19;19;Theveste;x
377;81;51;37;Capsa;x
378;89;136;129;Meninx;x
379;25;147;128;Oea;x
380;96;116;113;Lepcis Magna;x
381;96;219;200;Euphranta;x
382;31;200;174;Automalax;x
383;78;227;32;Montana;x
384;17;158;170;Naissus;x
385;29;106;31;Scupi;x
386;95;121;64;Sirmium;x
387;187;220;148;Cibalae;x
388;104;205;163;Mursa;x
389;137;205;104;Malvesa;x
390;64;118;69;Sopianae;x
391;30;142;41;Tricciana;x
392;62;216;76;Scarbantia;x
393;228;70;98;Virunum;x
394;150;38;57;Emona;x
395;54;135;147;Segestica;x
396;21;159;179;Splonum;x
397;99;147;127;Senia;x
398;30;153;102;Ortopla;x
399;75;123;18;Pharos;x
400;174;112;123;Salonica;x
401;103;63;32;Arcidava;x
402;80;30;30;Dierna;x
403;178;98;98;Pelendava;x
404;224;12;12;Popesti;x
405;156;48;48;Bucuresti;x
406;184;114;57;Banita;x
407;119;59;10;Buridava;x
408;98;106;47;Sarmizegetusa;x
409;36;193;24;Apulum;x
410;101;231;91;Surcea;x
411;36;126;29;Potaissa;x
412;147;226;177;Napoca;x
413;35;132;156;Germisara;x
414;210;160;7;Cotnari;x
415;164;134;41;Poroboridava;x
416;187;59;59;Nice;x
417;163;33;33;Massilia;x
418;120;20;20;Arelate;x
419;95;120;20;Aquae Sextae;x
420;145;168;75;Eturamina;x
421;110;123;71;Eburodunum;x
422;130;169;11;Arausio;x
423;199;220;135;Segustero;x
424;32;77;147;Valentia;x
425;52;163;37;Lucus;x
426;113;150;206;Brigantio;x
427;26;88;103;Lugdunum;x
428;48;135;157;Cabilonnum;x
429;92;130;139;Andematunnum;x
430;39;41;134;Augusta Praetorium;x
431;97;99;176;Genava;x
432;164;120;214;Aventicum;x
433;16;18;88;Vesontio;x
434;54;147;190;Luxovium;x
435;95;26;173;Arae Flaviae;x
436;65;32;101;Cambodunum;x
437;74;78;106;Iuvavum;x
438;82;89;153;Ovilava;x
439;241;212;14;Pselchis;x
440;134;123;47;Pachoras;x
441;190;167;10;Pdeme;x
442;104;132;6;Patinga;x
443;81;101;11;Napata;x
444;28;127;40;Meroe;x
445;61;61;126;Modiana;x
446;116;125;194;Dedan;x
447;150;159;227;Ausara;x
448;53;132;188;Alouare;x
449;93;158;203;Macoraba;x
450;48;135;164;Thomala;x
451;89;173;200;Anagrana;x
452;82;121;133;Akme;x
453;47;141;147;Akila;x
454;132;167;169;Adane;x
455;119;181;200;Saraka;x
456;77;196;232;Raida;x
457;24;117;122;Tamna;x
458;39;91;154;Saba;x
459;101;128;161;Karna;x
460;174;124;197;Sabatha;x
461;138;144;198;Tretos;x
462;152;49;200;Thialemath;x
463;123;91;138;Neogilla;x
464;209;44;192;Hadramaut;x
465;188;183;220;Abyssa;x
466;107;109;127;Thabanne;x
467;237;100;187;Lala;x
468;173;41;84;Omanum;x
469;117;128;217;Chabuata;x
470;40;134;165;Cabana;x
471;68;114;129;Omana;x
472;113;179;141;Gerrha;x
473;60;213;125;Adari;x
474;179;176;107;Chersonesos;x
475;108;182;100;Gorgippia;x
476;48;79;45;Pityous;x
477;130;105;29;Agaraskapa;x
478;118;152;44;Bagaporata;x
479;59;72;31;Madupa;x
480;28;77;22;Syavaporata;x
481;22;118;90;Katipa;x
482;40;222;17;Scythian Neapolis;x
483;20;115;51;Arunca;x
484;24;94;74;Katarun;x
485;89;114;86;Satiporata;x
486;112;161;147;Xessagarpa;x
487;37;153;119;Rasin;x
488;97;207;175;Blamizda;x
489;57;190;191;Payporata;x
490;76;79;92;Katipanti;x
491;16;34;101;Ugrakus;x
492;78;132;205;Paraporatapanti;x
493;54;95;152;Upanti;x
494;118;152;197;Kissarlewle;x
495;57;86;195;Scodizdaronma;x
496;23;27;42;Kusdvara;x
497;14;35;116;Varkataka;x
498;28;113;229;Kusporata;x
499;44;70;104;Vaskila;x
500;47;55;86;Brinvaski;x
501;66;77;117;Zevaka;x
502;24;70;133;Madulupa;x
503;11;24;73;Aribla;x
504;44;58;111;Leipca;x
505;29;94;182;Hurkutipa;x
506;35;46;87;Lipsoxais;x
507;21;16;97;Abralu;x
508;58;46;213;Lopa;x
509;40;34;124;Alud;x
510;76;51;134;Agarmadupa;x
511;99;75;152;Adapa;x
512;83;46;169;Dapanti;x
513;93;43;205;Argimpasa;x
514;46;33;226;Arungasti;x
515;29;18;166;Bagabala;x
516;50;44;139;Dargakala;x
517;74;86;132;Arparadata;x
518;183;101;203;Kissarun;x
519;73;28;84;Bagia;x
520;96;77;101;Gipa;x
521;134;114;139;Astakol;x
522;167;127;177;Madula;x
523;200;173;207;Paradatapa;x
524;126;42;147;Manur;x
525;114;60;128;Badyasko;x
526;144;64;164;Hvarzkutipa;x
527;160;31;192;Naradvara;x
528;177;102;195;Boradvara;x
529;151;62;173;Syavakuspa;x
530;179;76;205;Brinar;x
531;189;44;44;Navasati;x
532;234;31;31;Poratamata;x
533;118;15;15;Colaxais;x
534;74;33;33;Garia;x
535;93;65;65;Borapanti;x
536;81;16;16;Poratapanti;x
537;200;60;60;Dakus;x
538;125;80;80;Oirpata;x
539;186;98;98;Syavaparupa;x
540;177;107;120;Dargaku;x
541;140;9;34;Frilewle;x
542;72;24;34;Amapa;x
543;176;57;80;Pantilo;x
544;128;60;73;Garta;x
545;166;23;51;Tamapa;x
546;231;43;79;Gaumizda;x
547;176;121;131;Oitosyros;x
548;135;22;22;Sinua;x
549;219;85;85;Paradatab;x
550;111;51;51;Gastia;x
551;138;38;38;Zaranapa;x
552;209;91;91;Gisati;x
553;221;69;98;Karsapa;x
554;153;35;58;Hurka;x
555;112;40;17;Garuabra;x
556;123;45;20;Hvarzgasti;x
557;188;66;27;Syavavarkapa;x
558;234;178;161;Hurmizda;x
559;218;123;93;Pasumata;x
560;195;59;17;Borun;x
561;219;91;52;Daranpa;x
562;131;82;66;Zarkarun;x
563;100;51;35;Karsapatak;x
564;107;56;39;Satapada;x
565;198;195;94;Giarun;x
566;167;165;102;Kusgau;x
567;81;80;41;Artabagapa;x
568;145;142;43;Narapa;x
569;218;213;46;Katipatak;x
570;226;221;74;Zurklopa;x
571;203;201;137;Kutipanti;x
572;143;139;25;Sautaska;x
573;149;165;84;Novae;x
574;133;136;163;Oescus;x
575;95;51;91;Mahta;x
576;181;43;169;Dranpa;x
577;119;50;113;Navia;x
578;61;18;57;Syavasin;x
579;217;168;213;Abragaru;x
580;162;41;152;Matapanti;x
581;228;87;217;Khiva;x
582;204;50;192;Satakata;x
583;118;73;114;Pasuporata;x
584;118;139;138;Navapa;x
585;161;194;193;Aspamesakapa;x
586;114;213;210;Thagimasadas;x
587;58;161;157;Satagau;x
588;83;151;148;Agarur;x
589;107;135;134;Tabar;x
590;99;111;110;Syrmizda;x
591;64;97;96;Kutifriarpa;x
592;105;180;177;Takati;x
593;123;218;214;Tabititope;x
594;29;112;108;Astaku;x
595;19;102;98;Tabsyr;x
596;32;150;145;Dranshatipa;x
597;68;171;167;Tamajara;x
598;22;74;72;Tadvara;x
599;84;203;198;Padakus;x
600;59;161;157;Takuti;x
601;72;106;105;Xola-Xayasa;x
602;72;186;182;Axsainabaladapa;x
603;48;97;95;Ugravarka;x
604;42;101;98;Gaukuti;x
605;85;133;93;Tama;x
606;48;135;63;Lipa;x
607;59;98;66;Satar;x
608;23;67;31;Gitab;x
609;96;170;109;Pantipari;x
610;143;223;156;Dsargalapa;x
611;81;179;98;Navapada;x
612;112;155;119;Hursyr;x
613;10;84;23;Ris;x
614;133;214;147;Banubalapa;x
615;63;175;82;Lobrata;x
616;72;183;91;Hvargaosa;x
617;116;208;132;Kissarvadasz;x
618;31;148;51;Ugraporata;x
619;131;62;62;Kataki;x
620;190;186;66;Bagagasti;x
621;183;131;178;Targitaios;x
622;175;128;171;Garagaupa;x
623;46;140;136;Karsabaga;x
624;49;105;58;Ugrakati;x
625;190;177;199;Trikka;x
626;169;175;135;Magnesia;x
627;211;178;136;Pieria;x
628;185;133;65;Crestonia;x
629;174;119;214;Malis;x
630;150;106;164;Poteidaia;x
631;106;106;200;Torone;x
632;148;219;206;Apollonia;x
633;127;122;187;Crenides;x
634;39;53;52;Oraion;x
635;58;124;122;Zervae;x
636;123;138;104;Serdica;x
637;106;150;164;Thracian Chersonese;x
638;167;212;163;Kabyle;x
639;58;58;124;Beroe;x
640;211;231;208;Durostorum;x
641;122;133;132;Karkine;x
642;123;145;120;Azara;x
643;171;180;97;Kashkar;x
644;38;113;32;Genoa;x
645;127;188;68;Eporedia;x
646;68;188;130;Augusta Taurinorum;x
647;141;231;156;Cularo;x
648;46;95;151;Octodurus;x
649;99;152;211;Darantasia;x
650;144;53;197;Durotincum;x
651;185;75;116;Clunia;x
652;85;140;139;Curia;x
653;90;166;165;Bellunum;x
654;24;152;99;Aguntum;x
655;89;140;119;Tridentium;x
656;88;76;200;Scarbia;x
657;112;150;46;Mastiacum;x
658;132;110;196;Mahatitta;x
659;64;134;167;Mihintale;x
660;55;79;91;Anuradhapura;x
661;59;159;148;Lankapuri;x
662;48;129;120;Odoka;x
663;130;186;180;Katharagama;x
664;97;57;209;Mahiyangama;x
665;148;56;212;Kaverapuri;x
666;106;58;140;Madura;x
667;74;78;131;Srirangam;x
668;64;71;155;Satyaputra;x
669;51;27;68;Mahishapuri;x
670;124;173;210;Mohodayapur;x
671;11;112;42;Syanantapur;x
672;85;166;110;Kumari;x
673;44;112;11;Rajapuri;x
674;187;62;142;Podouke;x
675;204;131;178;Kanchipura;x
676;195;52;99;Kalahasti;x
677;151;113;157;Yashwantpur;x
678;173;62;189;Tennagora;x
679;45;85;116;Sauparnike;x
680;167;37;179;Gokarna;x
681;24;165;27;Gomantaka;x
682;127;117;201;Taiakata;x
683;197;56;209;Kolhapuri;x
684;120;59;126;Nrirgunta;x
685;56;51;94;Kishkindha;x
686;79;155;211;Kalligeris;x
687;49;82;123;Ahobhilam;x
688;29;67;114;Kantakossyla;x
689;55;129;140;Kannagara;x
690;51;147;161;Nanigaina;x
691;24;184;207;Korounkala;x
692;114;214;228;Pistapura;x
693;114;228;136;Sabara;x
694;122;153;28;Nastullapur;x
695;51;179;75;Kalingapur;x
696;141;154;101;Asuraghata;x
697;53;185;78;Arkapuri;x
698;64;111;73;Rajapura;x
699;80;111;64;Uttara Osali;x
700;69;151;29;Bamanghati;x
701;43;70;51;Sada;x
702;127;190;146;Dantapura;x
703;56;126;77;Chandrakata;x
704;127;172;190;Tamralipti;x
705;55;129;159;Aganagara;x
706;65;157;187;Paundra;x
707;98;139;137;Balipura;x
708;104;210;204;Devaprastha;x
709;81;179;220;Modagiri;x
710;23;155;210;Mithila;x
711;23;210;199;Sankasya;x
712;155;162;220;Kapilayastu;x
713;75;80;122;Gopala Kaksha;x
714;26;40;143;Nepalakaksha;x
715;34;53;193;Alaka;x
716;112;124;216;Kinnara;x
717;181;107;208;Navadwipa;x
718;108;31;137;Dandakabhukt;x
719;169;62;208;Pataliputra;x
720;159;22;112;Asura;x
721;74;119;134;Rohitaswa;x
722;195;121;198;Hammeum;x
723;196;66;75;Agruvium;x
724;41;162;201;Asthagoura;x
725;112;87;122;Kusavati;x
726;132;55;161;Sringivera;x
727;181;100;210;Ayodhya;x
728;143;44;140;Surashtra;x
729;206;61;202;Bhrigukaksha;x
730;205;113;202;Dwaraka;x
731;137;95;200;Sankodara;x
732;198;120;196;Prabbasa;x
733;237;45;232;Sarmista;x
734;140;82;139;Ekalavya;x
735;77;42;76;Pushara;x
736;42;47;77;Matsya Puri;x
737;113;119;155;Mathura;x
738;123;176;181;Indraprastha;x
739;59;119;124;Manusa;x
740;164;225;230;Karavapana;x
741;113;182;123;Dwaita;x
742;55;113;63;Vinasana;x
743;228;139;226;Mandapura;x
744;61;167;76;Kanjakubja;x
745;133;199;142;Vrukastali;x
746;27;235;56;Hastinapura;x
747;90;147;62;Paramana Koti;x
748;133;185;108;Haridwara;x
749;196;226;181;Aninacha;x
750;86;113;72;Ahichatra;x
751;21;41;11;Laharpur;x
752;147;31;94;Vitabhya;x
753;18;170;220;Gargasrota;x
754;48;118;58;Sapta Saraswati;x
755;146;90;105;Singhapura;x
756;219;85;120;Rajavasa;x
757;157;142;191;Viswagaswa;x
758;138;215;99;Vipasa;x
759;76;182;191;Prasthala;x
760;123;181;131;Viratapuri;x
761;25;88;8;Semylla;x
762;89;175;66;Matanga;x
763;71;221;30;Agastyavati;x
764;214;123;146;Balistali;x
765;107;86;92;Pratisthana;x
766;58;150;121;Janasthana;x
767;33;168;125;Panchavati;x
768;60;149;121;Surpana;x
769;132;194;175;Lava;x
770;63;162;131;Madhyamika;x
771;140;205;185;Bhojapuri;x
772;112;138;130;Ujjayani;x
773;116;191;167;Mahishmati;x
774;72;211;167;Bhokardan;x
775;52;110;92;Bhojakata;x
776;101;130;121;Siripalla;x
777;11;158;111;Visnapuri;x
778;27;81;64;Kognabanda;x
779;59;117;98;Dantipura;x
780;58;156;125;Savira;x
781;17;73;25;Kausambi;x
782;61;137;113;Suktivati;x
783;175;234;215;Mirzapur;x
784;234;175;190;Amarakandaka;x
785;101;199;168;Sarabhanga;x
786;82;225;180;Sripura;x
787;92;157;136;Kundinapuri;x
788;176;31;69;Sisupalgarh;x
789;220;94;127;Sabara Maharashtri;x
790;205;126;147;Bilaspur;x
791;34;92;74;Kapisa;x
792;135;191;174;Yavana;x
793;39;117;93;Avisari;x
794;56;189;148;Sringara;x
795;68;171;140;Loha;x
796;132;201;180;Skardu;x
797;83;220;176;Lithinos;x
798;26;23;196;Diluntum;x
799;184;196;117;Narona;x
800;193;34;58;Baloia;x
801;124;167;193;Urbate;x
802;204;91;174;Salinae;x
803;62;140;51;Romuliana;x
804;140;29;29;Viminacium;x
805;39;83;140;Domavium;x
806;100;122;98;Sacidava;x
807;108;174;120;Zurobara;x
808;91;227;114;Partiskon;x
809;52;163;71;Singidava;x
810;112;150;118;Porolissum;x
811;228;148;221;Trybactra;x
812;32;169;56;Curianda;x
813;13;215;48;Charracarta;x
814;47;175;69;Aratha;x
815;113;161;198;Artacoana;x
816;50;138;205;Chaurina;x
817;16;95;155;Parsia;x
818;61;203;159;Carura;x
819;71;137;117;Prophtasia;x
820;60;209;163;Shahristan;x
821;14;105;77;Zranka;x
822;61;55;139;Arachotoi;x
823;125;137;209;Bithynion;x
824;101;110;134;Pelopia;x
825;156;175;224;Erythrai;x
826;220;68;94;Nysa;x
827;102;77;81;Saittai;x
828;139;89;202;Knidos;x
829;47;201;77;Attouda;x
830;181;121;121;Myra;x
831;198;25;25;Oenoanda;x
832;71;88;130;Perge;x
833;228;174;174;Pappa;x
834;122;204;98;Amblada;x
835;173;146;190;Garsaura;x
836;126;120;130;Derbe;x
837;87;103;221;Aizanoi;x
838;176;139;194;Kimiatene;x
839;222;223;132;Zela;x
840;172;172;149;Euaissa;x
841;142;210;109;Nyssa;x
842;62;104;41;Gauraina;x
843;202;124;134;Antinoopolis;x
844;206;159;205;Diospolis Mikra;x
845;100;200;196;Eileithiopolis;x
846;5;35;43;Rusguniae;x
847;45;15;106;Rapidum;x
848;178;43;151;Uzinaza;x
849;36;29;35;Columnata;x
850;55;46;75;Mina;x
851;86;34;190;Tigava;x
852;64;184;219;Iol;x
853;143;194;209;Gunugu;x
854;11;110;138;Cartenna;x
855;100;54;195;Arsennaria;x
856;182;163;219;Regiae;x
857;96;31;228;Tigit;x
858;85;62;132;Siga;x
859;183;68;216;Lemnis;x
860;82;222;150;Rusaddir;x
861;88;23;221;Cobueta;x
862;24;97;9;Tingi;x
863;77;220;48;Lixus;x
864;203;122;187;Banasa;x
865;101;80;107;Sala;x
866;68;51;105;Volubis;x
867;99;81;136;Galapha;x
868;255;0;0;Tillibari;x
869;127;0;0;Thenetos;x
870;255;106;0;Cidamus;x
871;127;51;0;Kissan;x
872;255;216;0;Dedris;x
873;91;127;0;Garama;x
874;182;255;0;Traghen;x
875;127;106;0;Sabae;x
876;76;255;0;Baracum;x
877;0;255;144;Waddan;x
878;0;38;255;Marada;x
879;0;19;127;Augila;x
880;255;0;220;Ammon;x
881;127;0;55;Klimax;x
882;0;74;127;Oasis Parva;x
883;87;0;127;Oasis Trinitheos;x
884;32;47;76;Tripolitana;x
885;76;46;45;Marmarica;x
886;123;255;96;Shule;x
887;255;212;132;Qiuci;x
888;63;255;194;Yanqi;x
889;68;180;255;Guhu;x
890;156;28;255;Loulan;x
891;38;74;255;Qiemo;x
892;25;239;255;Hanmi;x
893;255;44;40;Yutian;x
894;255;56;238;Suoju;x
895;255;170;232;Wutanzili;x
896;178;191;255;Jumi;x
897;156;35;255;Danhuan;x
898;255;255;160;Yulishi;x
899;165;255;173;Pulei;x
900;142;68;73;Gholaia;x
901;100;142;79;Sciueref;x
902;196;134;41;Zella;x
903;49;91;89;Gat;x
904;114;181;120;Djanet;x
905;72;55;89;Djado;x
906;95;149;181;Kawar;x
907;45;89;19;Tumma;x
908;89;60;60;Zuila;x
909;113;72;142;Tazerbo;x
910;29;142;67;Koufra;x
911;31;173;155;Praesidium;x
912;32;83;64;Turobriga;x
913;83;132;114;Segida;x
914;177;46;220;Artigi;x
915;193;113;219;Munigua;x
916;23;163;112;Lastigi;x
917;49;225;203;Osset;x
918;150;132;114;Hispalis;x
919;121;137;135;Carissa;x
920;60;135;127;Gadir;x
921;84;169;159;Carteia;x
922;133;152;149;Suel;x
923;68;160;149;Sabora;x
924;129;34;160;Segida;x
925;20;68;62;Malaca;x
926;161;224;217;Sexi;x
927;46;150;138;Murgi;x
928;176;127;77;Mirobriga;x
929;218;183;148;Corduba;x
930;159;176;77;Edeba;x
931;151;221;98;Laminium;x
932;98;221;110;Libisosa;x
933;20;135;31;Iniesta;x
934;123;151;102;Kili;x
935;159;134;109;Saguntum;x
936;154;83;11;Dianum;x
937;146;224;89;Saetabis;x
938;64;118;24;Ilorci;x
939;218;139;59;Carthago Nova;x
940;85;101;13;Bergastrum;x
941;103;185;43;Tugia;x
942;112;64;17;Basti;x
943;188;121;55;Acci;x
944;100;90;80;Ulia;x
945;140;203;205;Ossonoba;x
946;36;143;147;Lacobriga;x
947;50;119;122;Myrtilis;x
948;60;86;87;Ebora;x
949;65;79;100;Olisipo;x
950;82;128;198;Scallabis;x
951;53;116;210;Ammaia;x
952;130;170;230;Badua;x
953;89;115;155;Egitania;x
954;29;108;226;Collippo;x
955;72;93;125;Longobriga;x
956;20;39;68;Talabriga;x
957;136;70;91;Bracara;x
958;149;18;138;Glandimirum;x
959;207;107;199;Brigantium;x
960;211;107;203;Coana;x
961;242;146;176;Lance;x
962;111;26;52;Asturica;x
963;173;56;92;Compleutica;x
964;92;88;175;Indibilis;x
965;145;23;115;Olcastrum;x
966;150;16;117;Tarraco;x
967;197;63;104;Baetulo;x
968;41;155;142;Emporion;x
969;187;55;95;Sebendounon;x
970;145;23;60;Auso;x
971;214;30;169;Ilerda;x
972;157;227;219;Urgellum;x
973;129;63;83;Labitulosa;x
974;15;10;114;Osca;x
975;49;47;90;Contrebia;x
976;157;155;211;Loutia;x
977;99;113;150;Bilbilis;x
978;40;79;177;Numantia;x
979;103;98;200;Segia;x
980;43;37;161;Oiasso;x
981;22;19;80;Victoriacum;x
982;58;50;211;Gebala;x
983;178;128;67;Pelva;x
984;32;24;178;Metulum;x
985;255;109;225;Marsonia;x
986;11;30;28;Pyrenees;x
987;69;168;102;Gaetulia;x
988;148;168;77;Targa;x
989;89;165;161;Wasteland west of Zella;x
990;165;148;49;Syrtica;x
991;40;47;41;Taklamakan;x
992;32;78;40;Tibet;x
993;105;36;54;Dandaka;x
994;144;134;220;India;x
995;64;50;167;Arabia;x
996;10;191;116;Ethiopia;x
997;33;198;142;Sahara Desert;x
998;21;79;32;Alpine mountains;x
999;84;30;83;Carpathian Mountains;x
1000;64;114;79;Neviodunum;x
1001;245;245;245;Tiberias Lake;x
1002;235;235;235;Israel sea;x
1003;68;71;117;Serota;x
1004;215;215;215;Anatolia Lake east;x
1005;205;205;205;Anatolia Lake west;x
1006;195;195;195;Epirus Border Lake;x
1007;185;185;185;Macedonia Lake east;x
1008;175;175;175;Macedonia Lake west;x
1009;165;165;165;Croatian Lake;x
1010;155;155;155;Tunisian Lake north;x
1011;145;145;145;Tunisian Lake south;x
1012;135;135;135;Mesopitamian Lake;x
1013;125;125;125;Armenian Lake west;x
1014;115;115;115;Armenian Lake east;x
1015;105;105;105;Armenian Lake middle;x
1016;95;95;95;Armenian Lake north;x
1017;85;85;85;Kaspian Sea;x
1018;75;75;75;Kaspian Lake;x
1019;65;65;65;Parthian Lake;x
1020;55;55;55;Aral Sea;x
1021;45;45;45;Bactrian Lake Big;x
1022;35;35;35;Bactrian Lake Small;x
1023;0;0;30;Sea of Marmara;x
1024;0;0;35;Western Black Sea;x
1025;0;0;40;Sea of Tyras;x
1026;0;0;45;Eastern Black Sea;x
1027;0;0;50;Sea of Azov;x
1028;183;90;90;Thracian Sea;x
1029;128;148;65;Aegean Sea;x
1030;139;152;98;Myrtoan sea;x
1031;225;32;32;Sea of Crete;x
1032;84;184;103;Pamphilian sea;x
1033;41;173;174;Sea of Cyprus;x
1034;133;153;39;Levantine sea;x
1035;158;170;101;Delta sea;x
1036;197;236;13;Sea of Amunia;x
1037;153;40;117;Cyrenean sea;x
1038;129;55;164;Libyan sea;x
1039;71;22;145;Malta channel;x
1040;192;59;197;Sicilian Strait;x
1041;176;102;206;Hipponensis Sinus;x
1042;212;195;76;Sea of Sardinia;x
1043;60;47;128;Ligurian Sea;x
1044;147;131;228;Tyrrhenian Sea;x
1045;106;31;219;Strait of Messina;x
1046;31;81;65;Gulf of Tarentum;x
1047;132;62;110;Ionian Sea;x
1048;59;10;43;Gulf of Corinth;x
1049;71;133;113;Adriatic sea;x
1050;161;211;163;Illyrian sea;x
1051;95;231;98;Gulf of Venice;x
1052;22;141;89;Red Sea;x
1053;96;231;172;Ethiopian sea;x
1054;21;144;119;Southern sea;x
1055;74;166;177;Gulf of Berbera;x
1056;43;215;235;Sea of Dioscurides;x
1057;91;32;152;Arabian Sea;x
1058;40;56;75;Sea of Gedrosia;x
1059;80;102;129;Persian Gulf;x
1060;43;103;178;Indian sea;x
1061;91;114;142;Midwest Indian sea;x
1062;32;60;95;Southwest Indian sea;x
1063;107;190;138;Southern Indian sea;x
1064;47;159;89;Srilankan sea;x
1065;43;213;107;Southeastern Indian sea;x
1066;81;174;96;Eastern Indian sea;x
1067;64;209;87;Northeastern Indian sea;x
1068;98;91;45;Masaesyli Mare;x
1069;110;99;21;Herculis Mare;x
1070;219;212;158;Tingitana Mare;x
1071;86;255;240;Balkhash;x
1072;104;222;255;Kopaias Lacus;x
1073;65;216;216;Ibericum Mare;x
1074;40;211;208;Lusitanium Mare;x
1075;80;191;211;Artabris Sinus;x
1076;97;211;177;Cantabricus Oceanus;x
1077;57;209;211;Aquitanicus Sinus;x
1078;108;199;204;Britannicum Mare;x
1079;124;182;204;Fretum Oceani;x
1080;116;204;183;Metaris Eischusis;x
1081;46;204;172;Ouergionios Okeanos;x
1082;97;204;173;Iouernikos Okeanos;x
1083;132;204;193;Ganganus Oceanus;x
1084;79;193;204;Nagnatum Oceanus;x
1085;95;189;204;Dounon Kolpos;x
1086;26;204;186;Bodotria Aestuarium;x
1087;89;204;179;Douekaledonios Okeanos;x
1088;63;178;204;Dytikos Okeanos;x
1089;123;185;216;Codanus Sinus;x
1090;65;214;216;Helinium;x
1091;117;215;216;Flevum Lacus;x
1092;107;35;112;Celeia;x
1093;13;38;112;Iovia;x
1094;112;41;76;Aquincum;x
1095;107;109;39;Gorsium;x
1096;126;58;165;Mogentiana;x
1097;63;29;76;Savaria;x
1098;76;67;66;Poetovio;x
1099;58;76;71;Pola;x
1100;132;65;147;Teurnia;x
1101;63;147;131;Lauriacum;x
1102;147;65;73;Cetium;x
1103;75;147;147;Vindobona;x
1104;77;132;165;Brigetio;x
1105;54;165;147;Mursella;x
1106;205;58;255;Panormos;x
1107;193;32;27;Adranon;x
1108;100;193;184;Hippana;x
1109;5;33;191;Motyon;x
1110;190;164;191;Henna;x
1111;68;191;187;Morgantina;x
1112;143;161;193;Akragas;x
1113;159;191;78;Tyndaris;x
1114;255;2;217;Hipponion;x
1115;125;255;96;Locris;x
1116;168;221;97;Caprasia;x
1117;221;221;70;Potentia;x
1118;219;37;195;Lupiae;x
1119;53;64;186;Barium;x
1120;89;102;219;Grumentum;x
1121;191;59;79;Aeclanum;x
1122;109;8;13;Aufidena;x
1123;89;107;83;Histonium;x
1124;216;80;205;Mevaniola;x
1125;147;98;0;Saena;x
1126;22;73;18;Marruvium;x
1127;59;42;71;Aquileia;x
1128;71;16;32;Opilergum;x
1129;112;65;79;Dertona;x
1130;186;59;162;Bergomum;x
1131;76;43;64;Cremona;x
1132;112;23;39;Mutina;x
1133;83;73;255;Tartessos;x
1134;255;153;193;Praesidium;x
1135;145;141;33;Salacia;x
1136;65;85;216;Ilici;x
1137;104;209;216;Lucentum;x
1138;85;103;219;Sucia;x
1139;219;63;125;Tongobriga;x
1140;150;105;175;Malamoneda;x
1141;41;46;158;Urbiaca;x
1142;158;120;64;Lassira;x
1143;49;171;198;Capera;x
1144;89;24;18;Mantua;x
1145;66;56;27;Tourmogon;x
1146;99;30;96;Conimpriga;x
1147;63;45;62;Elbocoris;x
1148;14;22;61;Caladunum;x
1149;30;61;22;Dactionum;x
1150;64;80;206;Gigia;x
1151;108;204;197;Uttaris;x
1152;57;43;255;Ocelum;x
1153;221;31;78;Pailontion;x
1154;111;175;79;Alisanco;x
1155;110;15;112;Celsa;x
1156;51;112;60;Andelos;x
1157;75;66;206;Nooulon;x
1200;23;116;56;Ocules;x
1201;106;177;78;Toletum;x
1202;146;177;78;Tamusia;x
1203;61;188;106;Lama;x
1204;7;78;69;Arriaca;x
1205;48;134;123;Miaccum;x
1207;108;150;123;Ocelum;x
1208;130;200;155;Salmantica;x
1209;52;220;111;Nivaria;x
1210;51;90;65;Segovia;x
1211;41;119;109;Termes;x
1212;30;156;140;Clunia;x
1213;40;223;200;Turbes;x
1214;40;191;223;Amallobriga;x
1215;78;113;121;Brigaecium;x
1216;79;152;168;Palantia;x
1217;157;215;227;Aracelium;x
1218;25;174;206;Saldania;x
1219;84;157;172;Virovesca;x
1220;154;94;112;Untikesken;x
1221;45;81;63;Ebusos;x
1222;58;213;134;Cromiussa;x
1223;108;151;129;Nura;x
1224;162;74;74;Maleth;x
1350;171;204;8;Cornovia;x
1351;207;209;121;Dumnonia;x
1352;209;192;100;Durnovaria;x
1353;192;209;83;Aquae Sulis;x
1354;209;180;77;Clausentum;x
1355;209;202;79;Vectis;x
1356;199;209;66;Sorbiodunum;x
1357;204;141;32;Corinum;x
1358;204;167;112;Lactodurum;x
1359;209;179;89;Regni;x
1360;204;116;79;Magiovintum;x
1361;204;103;53;Londinium;x
1362;206;153;53;Anderida;x
1363;206;130;59;Cantium;x
1364;204;117;102;Camulodunum;x
1365;204;162;85;Gariannonum;x
1366;204;136;28;Icenia;x
1367;204;138;99;Branodunum;x
1368;204;114;69;Durolipons;x
1369;204;167;89;Durobrivae;x
1370;204;194;93;Ratae;x
1371;204;175;51;Manduessedum;x
1372;204;181;79;Cambodunum;x
1373;190;204;87;Lutudurum;x
1374;204;173;36;Lindum;x
1375;204;199;65;Segelocum;x
1376;204;193;116;Glevum;x
1377;182;204;95;Siluria;x
1378;164;204;57;Maridunum;x
1379;204;198;53;Viroconium;x
1380;186;204;73;Ordovicia;x
1381;204;147;51;Devana;x
1382;159;204;0;Decanglia;x
1383;178;204;124;Segontium;x
1384;204;134;73;Eburacum;x
1385;204;111;71;Legiolium;x
1386;204;58;10;Cataractonium;x
1387;204;135;112;Vinovia;x
1388;204;124;12;Vindomora;x
1389;204;119;51;Bremetennacum;x
1390;204;89;44;Uxellodunum;x
1391;204;82;63;Braboniacum;x
1392;204;113;38;Lugovallium;x
1393;204;65;65;Bremenium;x
1394;204;48;42;Trimontium;x
1395;204;99;89;Guotodin;x
1396;204;0;10;Veluniate;x
1397;204;24;30;Blatobulgium;x
1398;204;23;0;Nouantia;x
1399;204;125;89;Damnonia;x
1400;181;93;204;Colanica;x
1401;161;34;204;Fib;x
1402;46;83;204;Circind;x
1403;95;135;204;Ce;x
1404;133;83;204;Fortriu;x
1405;91;63;204;Fotla;x
1406;102;153;204;Epidia;x
1407;48;59;204;Fidach;x
1408;0;20;204;Kreonia;x
1409;64;0;204;Cait;x
1410;160;95;204;Orcades;x
1411;145;144;204;Dumna;x
1412;81;204;81;Robogdia;x
1413;38;204;96;Darinia;x
1414;112;204;81;Ulutia;x
1415;166;204;55;Ouenniknonia;x
1416;171;204;146;Erdinia;x
1417;0;204;3;Connachta;x
1418;162;204;104;Nagnatia;x
1419;112;204;0;Manavia;x
1420;136;204;162;Kaukia;x
1421;150;204;57;Eblana;x
1422;73;204;106;Manapia;x
1423;150;204;148;Koriondia;x
1424;93;204;42;Auteinia;x
1425;0;204;78;Uairmumhain;x
1426;118;204;0;Deismumhain;x
1427;23;204;0;Gangania;x
1428;1;150;35;Burdigala;x#Gaul Starts Here
1429;169;27;142;Lapurdum;x
1430;1;30;15;Boii;x
1431;43;33;143;Cossium;x
1432;85;36;16;Iluro;x
1433;127;39;144;Lugdunum Convenarum;x
1434;169;42;17;Elusa;x
1435;1;45;145;Atura;x
1436;43;48;18;Beneharnum;x
1437;85;51;146;Tarba;x
1438;127;54;19;Elimberrum;x
1439;169;57;147;Tolosa;x 
1440;1;60;20;Consoranni;x
1441;86;135;186;Tarusco;x
1442;128;138;59;Narbo Martius;x
1443;170;141;187;Carcasso;x
1444;2;144;60;Ruscino;x
1445;44;147;188;Nemausus;x
1446;86;150;61;Rhodanousia;x
1447;128;153;189;Baeterrae;x
1448;170;156;62;Magalona;x
1449;2;159;190;Luteva;x
1450;44;162;63;Volcae Arecomici;x
1451;86;165;191;Gesocribate;x
1452;128;168;64;Quimper;x
1453;170;171;192;Vorgium;x
1454;2;174;65;Lannion;x
1455;44;177;193;Darioritum;x
1456;86;180;66;Fanum Martis;x
1457;170;201;197;Civitas Namnetum;x
1458;2;204;70;Reginca;x
1459;44;207;198;Condate Redonum;x
1460;1;120;30;Becciacum;x
1461;43;123;158;Santonon Limen;x
1462;85;126;31;Mediolanum Santonum;x
1463;127;129;159;Condatis;x
1464;127;177;4;Aginnum;x
1465;1;135;160;Ingena;x
1466;43;138;33;Crouciaconnum;x
1467;85;141;161;Alauna;x
1468;127;144;34;Noiodounon Diablintum;x
1469;169;147;162;Cracatonno;x
1470;2;150;35;Limonum;x
1471;43;153;163;Augustoritum;x
1472;85;156;36;Exidualum;x
1473;127;159;164;Geinum;x
1474;169;162;37;Iuliomagus;x
1475;1;165;165;Ouindinon;x
1476;43;168;38;Augustodurum;x
1477;85;171;166;Noiodounon;x
1478;127;174;39;Turonum;x
1479;169;177;167;Suindinum;x
1480;1;180;40;Autricum;x
1481;43;183;168;Noviomagus Lexoviorum;x
1482;85;186;41;Rotomagus;x
1483;127;189;169;Petromantulum;x
1484;169;192;42;Caesaromagus;x
1485;1;195;170;Samarobriva;x
1486;43;198;43;Lutetia;x
1487;85;201;171;Parisii;x
1488;127;204;44;Cenabum;x
1489;169;207;172;Labrocinum;x
1490;1;210;45;Dourdan;x
1491;43;0;173;Metlosedum;x
1492;85;3;46;Nemetacum;x
1493;127;6;174;Viromandurorum;x
1494;169;9;47;Bagacum;x
1495;1;12;175;Atuatuca;x
1496;43;15;48;Nervii;x
1497;85;18;176;Turnacum;x
1498;127;21;49;Vodgoriacum;x
1499;169;24;177;Eburones;x
1500;1;27;50;Brugge;x
1501;43;30;178;Castellum Menapiorum;x
1502;85;33;51;Tarvenna;x
1503;127;36;179;Gesoriacum;x
1504;169;39;52;Antwerpen;x
1505;1;42;180;Halder;x
1506;43;45;53;Helinio;x
1507;85;48;181;Aurelium Cananefatium;x
1508;127;51;54;Batavodurum;x
1509;169;54;182;Mannaricium;x
1510;1;57;55;Ulpia Traiana;x
1511;43;60;183;Suessiones;x
1512;85;63;56;Noviodurum;x
1513;127;66;184;Bibrax;x
1514;169;69;57;Augustobona;x
1515;1;72;185;Marciaco;x
1516;43;75;58;Excisum;x
1517;85;78;186;Lestang;x
1518;127;81;59;Divona;x
1519;169;84;187;Albiga;x
1520;1;87;60;Montans;x
1521;43;90;188;Fesciago;x
1522;85;93;61;Segodunum;x
1523;127;96;189;Catiriacum;x
1524;169;99;62;Vesunna;x
1525;1;102;190;Augustonemetum;x
1526;43;105;63;Augustodunum;x
1527;85;108;191;Ludna;x
1528;127;111;64;Anderitum;x
1529;169;114;192;Alba Helviorum;x
1530;1;117;65;Rouession;x
1531;43;120;193;Brivas;x
1532;85;123;66;Icidmago;x
1533;127;126;194;Rodunma;x
1534;169;129;67;Gorgobina;x
1535;1;132;195;Eburobriga;x
1536;43;135;68;Autessiodurum;x
1537;85;138;196;Condate;x
1538;127;141;69;Noviodunum;x
1539;169;144;197;Avaricum;x
1540;1;147;70;Argentomagus;x
1541;43;150;198;Claudiomagus;x
1542;85;153;71;Dolum;x
1543;127;156;199;Rauranum;x
1544;169;159;72;Derventum;x
1545;1;162;200;Artiaca;x
1546;43;165;73;Mailliacus;x
1547;85;168;201;Segessera;x
1548;121;171;74;Caturicis;x
1549;169;174;202;Durocatalaunum;x
1550;1;177;75;Viriodunum;x
1551;43;180;203;Argentorate;x
1552;85;183;76;Mogontiacum;x
1553;127;186;84;Augusta Treverorum;x
1554;169;189;77;Divodurum;x
1555;1;192;205;Helvetum;x
1556;43;195;78;Bonna;x
1557;85;198;206;Colonia Agrippina;x
1558;127;201;79;Andethanna;x
1559;169;204;207;Beisonancum;x
1560;1;207;80;Caviniacum;x
1561;43;210;208;Nasagus;x
1562;85;0;81;Tullum;x
1563;127;3;209;Ad Duodecimum;x
1564;169;6;82;;x
1565;1;9;210;;x
1566;43;12;83;;x
1567;85;15;211;;x
1568;127;18;84;;x
1569;169;21;212;;x
1570;1;24;85;;x
1571;43;27;213;;x
1572;85;30;86;;x
1573;127;33;214;;x
1574;169;36;87;;x
1575;1;39;215;;x
1576;43;42;88;;x
1577;85;45;216;;x
1578;127;48;89;;x
1579;169;51;217;;x
1580;1;54;90;;x
1581;43;57;218;;x
1582;85;60;91;;x
1583;127;63;219;;x
1584;169;66;92;;x
1585;1;69;220;;x
1586;43;72;93;;x
1587;85;75;221;;x
1588;127;78;94;;x
1589;169;81;222;;x
1590;1;84;95;;x
1591;43;87;223;;x
1592;85;90;96;;x
1593;127;93;224;;x
1594;169;96;97;;x
1595;1;99;225;;x
1596;43;102;98;;x
1597;85;105;226;;x
1598;127;108;99;;x
1599;169;111;227;;x
1600;1;114;0;;x